a: 0.04677354238073136
b: 0.0016988302704494835
c: 0.013560177363651707
d: 0.007132396496635693
e: 0.11411060660657432
f: 0.004389835467449269
g: 0.0008716437595686138
h: 0.0
i: 0.12741788026677162
j: 0.0
k: 0.010821868411680731
l: 0.03286190353213401
m: 0.0010646010379263373
n: 0.06165096287692181
o: 0.05193832364327337
p: 0.0
q: 0.14399728527604064
r: 0.018558751785464147
s: 0.0666370576124549
t: 0.12323617121707575
u: 0.14186083195661753
v: 0.002410447835465212
w: 0.0
x: 0.0
y: 0.029006882203113503
z: 0.0